     1        0   129600   0.000
     2    19912   129600   0.010
     3    39823   129600   0.020
     4    59734   129600   0.030
     5    79645   129600   0.040
     6    99556   129600   0.050
     7   119467   130949   0.060
     8   139378   130949   0.070
     9   159289   130949   0.080
    10   179200   130949   0.090
    11   199111   130949   0.100
    12   219022   130949   0.110
    13   238933   133360   0.120
    14   258844   133360   0.130
    15   278755   133360   0.140
    16   298666   133360   0.150
    17   318577   133360   0.160
    18   338488   133360   0.170
    19   358399   135726   0.180
    20   378310   135726   0.190
    21   398221   135726   0.200
    22   418132   135726   0.210
    23   438043   135726   0.220
    24   457954   135726   0.230
    25   477865   138235   0.240
    26   497776   138235   0.250
    27   517687   138235   0.260
    28   537598   138235   0.270
    29   557509   138235   0.280
    30   577420   138235   0.290
    31   597331   140757   0.300
    32   617242   140757   0.310
    33   637153   140757   0.320
    34   657064   140757   0.330
    35   676975   140757   0.340
    36   696886   143432   0.350
    37   716797   143432   0.360
    38   736708   143432   0.370
    39   756619   143432   0.380
    40   776530   143432   0.390
    41   796441   143432   0.400
    42   816352   146163   0.410
    43   836263   146163   0.420
    44   856174   146163   0.430
    45   876085   146163   0.440
    46   895996   146163   0.450
    47   915907   146163   0.460
    48   935818   149017   0.470
    49   955729   149017   0.480
    50   975640   149017   0.490
    51   995551   149017   0.500
    52  1015462   149017   0.510
    53  1035373   149017   0.520
    54  1055284   151920   0.530
    55  1075195   151920   0.540
    56  1095106   151920   0.550
    57  1115017   151920   0.560
    58  1134928   151920   0.570
    59  1154839   151920   0.580
    60  1174750   154861   0.590
    61  1194661   154861   0.600
    62  1214572   154861   0.610
    63  1234483   154861   0.620
    64  1254394   154861   0.630
    65  1274305   154861   0.640
    66  1294216   157883   0.650
    67  1314127   157883   0.660
    68  1334038   157883   0.670
    69  1353949   157883   0.680
    70  1373860   157883   0.690
    71  1393771   160974   0.700
    72  1413682   160974   0.710
    73  1433593   160974   0.720
    74  1453504   160974   0.730
    75  1473415   160974   0.740
    76  1493326   160974   0.750
    77  1513237   164540   0.760
    78  1533148   164540   0.770
    79  1553059   164540   0.780
    80  1572970   164540   0.790
    81  1592881   164540   0.800
    82  1612792   164540   0.810
    83  1632703   167822   0.820
    84  1652614   167822   0.830
    85  1672525   167822   0.840
    86  1692436   167822   0.850
    87  1712347   167822   0.860
    88  1732258   167822   0.870
    89  1752169   170861   0.880
    90  1772080   170861   0.890
    91  1791991   170861   0.900
    92  1811902   170861   0.910
    93  1831813   170861   0.920
    94  1851724   170861   0.930
    95  1871635   174075   0.940
    96  1891546   174075   0.950
    97  1911457   174075   0.960
    98  1931368   174075   0.970
    99  1951279   174075   0.980
   100  1971190   174075   0.990
   101  1991101   177206   1.000
   102  2011012   177206   1.010
   103  2030923   177206   1.020
   104  2050834   177206   1.030
   105  2070745   177206   1.040
   106  2090656   180359   1.050
   107  2110567   180359   1.060
   108  2130478   180359   1.070
   109  2150389   180359   1.080
   110  2170300   180359   1.090
   111  2190211   180359   1.100
   112  2210122   183607   1.110
   113  2230033   183607   1.120
   114  2249944   183607   1.130
   115  2269855   183607   1.140
   116  2289766   183607   1.150
   117  2309677   183607   1.160
   118  2329588   187079   1.170
   119  2349499   187079   1.180
   120  2369410   187079   1.190
   121  2389321   187079   1.200
   122  2409232   187079   1.210
   123  2429143   187079   1.220
   124  2449054   190553   1.230
   125  2468965   190553   1.240
   126  2488876   190553   1.250
   127  2508787   190553   1.260
   128  2528698   190553   1.270
   129  2548609   190553   1.280
   130  2568520   194068   1.290
   131  2588431   194068   1.300
   132  2608342   194068   1.310
   133  2628253   194068   1.320
   134  2648164   194068   1.330
   135  2668075   194068   1.340
   136  2687986   197753   1.350
   137  2707897   197753   1.360
   138  2727808   197753   1.370
   139  2747719   197753   1.380
   140  2767630   197753   1.390
   141  2787541   201163   1.400
   142  2807452   201163   1.410
   143  2827363   201163   1.420
   144  2847274   201163   1.430
   145  2867185   201163   1.440
   146  2887096   201163   1.450
   147  2907007   204537   1.460
   148  2926918   204537   1.470
   149  2946829   204537   1.480
   150  2966740   204537   1.490
   151  2986651   204537   1.500
   152  3006562   204537   1.510
   153  3026473   207844   1.520
   154  3046384   207844   1.530
   155  3066295   207844   1.540
   156  3086206   207844   1.550
   157  3106117   207844   1.560
   158  3126028   207844   1.570
   159  3145939   211181   1.580
   160  3165850   211181   1.590
   161  3185761   211181   1.600
   162  3205672   211181   1.610
   163  3225583   211181   1.620
   164  3245494   211181   1.630
   165  3265405   214481   1.640
   166  3285316   214481   1.650
   167  3305227   214481   1.660
   168  3325138   214481   1.670
   169  3345049   214481   1.680
   170  3364960   214481   1.690
   171  3384871   218079   1.700
   172  3404782   218079   1.710
   173  3424693   218079   1.720
   174  3444604   218079   1.730
   175  3464515   218079   1.740
   176  3484426   221544   1.750
   177  3504337   221544   1.760
   178  3524248   221544   1.770
   179  3544159   221544   1.780
   180  3564070   221544   1.790
   181  3583981   221544   1.800
   182  3603892   225115   1.810
   183  3623803   225115   1.820
   184  3643714   225115   1.830
   185  3663625   225115   1.840
   186  3683536   225115   1.850
   187  3703447   225115   1.860
   188  3723358   228766   1.870
   189  3743269   228766   1.880
   190  3763180   228766   1.890
   191  3783091   228766   1.900
   192  3803002   228766   1.910
   193  3822913   228766   1.920
   194  3842824   232729   1.930
   195  3862735   232729   1.940
   196  3882646   232729   1.950
   197  3902557   232729   1.960
   198  3922468   232729   1.970
   199  3942379   232729   1.980
   200  3962290   236264   1.990
   201  3982201   236264   2.000
   202  4002112   236264   2.010
   203  4022023   236264   2.020
   204  4041934   236264   2.030
   205  4061845   236264   2.040
   206  4081756   239539   2.050
   207  4101667   239539   2.060
   208  4121578   239539   2.070
   209  4141489   239539   2.080
   210  4161400   239539   2.090
   211  4181311   242937   2.100
   212  4201222   242937   2.110
   213  4221133   242937   2.120
   214  4241044   242937   2.130
   215  4260955   242937   2.140
   216  4280866   242937   2.150
   217  4300777   246319   2.160
   218  4320688   246319   2.170
   219  4340599   246319   2.180
   220  4360510   246319   2.190
   221  4380421   246319   2.200
